All tests passed!
Matrix Multiplication Runtime
m: 1024 n: 1024 p: 1024
INT32: 15.42861 ms
FLOAT: 15.42758 ms
DOUBLE: 15.81517 ms
